15870.3
33.6132
0.58858
0.0020072
9.56542e-06
1.05905e-07
2.44625e-10
2.29465e-12
1.82215e-14
4.44089e-16
4.44089e-16
4.44089e-16
4.44089e-16
4.44089e-16
4.44089e-16
4.44089e-16
4.44089e-16
4.44089e-16
4.44089e-16
4.44089e-16
4.44089e-16
4.44089e-16
4.44089e-16
4.44089e-16
4.44089e-16
4.44089e-16
4.44089e-16
4.44089e-16
4.44089e-16
4.44089e-16
4.44089e-16
4.44089e-16
4.44089e-16
4.44089e-16
4.44089e-16
4.44089e-16
4.44089e-16
4.44089e-16
4.44089e-16
4.44089e-16
4.44089e-16
4.44089e-16
4.44089e-16
4.44089e-16
4.44089e-16
4.44089e-16
4.44089e-16
4.44089e-16
4.44089e-16
4.44089e-16
4.44089e-16
4.44089e-16
4.44089e-16
4.44089e-16
4.44089e-16
4.44089e-16
4.44089e-16
4.44089e-16
4.44089e-16
4.44089e-16
4.44089e-16
4.44089e-16
4.44089e-16
4.44089e-16
4.44089e-16
4.44089e-16
4.44089e-16
4.44089e-16
4.44089e-16
4.44089e-16
4.44089e-16
4.44089e-16
4.44089e-16
4.44089e-16
4.44089e-16
4.44089e-16
4.44089e-16
4.44089e-16
4.44089e-16
4.44089e-16
4.44089e-16
4.44089e-16
4.44089e-16
4.44089e-16
4.44089e-16
4.44089e-16
4.44089e-16
4.44089e-16
4.44089e-16
4.44089e-16
4.44089e-16
4.44089e-16
4.44089e-16
4.44089e-16
4.44089e-16
4.44089e-16
4.44089e-16
4.44089e-16
4.44089e-16
4.44089e-16
4.44089e-16
4.44089e-16
4.44089e-16
4.44089e-16
4.44089e-16
4.44089e-16
4.44089e-16
4.44089e-16
4.44089e-16
4.44089e-16
4.44089e-16
4.44089e-16
4.44089e-16
4.44089e-16
4.44089e-16
4.44089e-16
4.44089e-16
4.44089e-16
4.44089e-16
4.44089e-16
4.44089e-16
4.44089e-16
4.44089e-16
4.44089e-16
4.44089e-16
4.44089e-16
4.44089e-16
4.44089e-16
4.44089e-16
4.44089e-16
4.44089e-16
4.44089e-16
4.44089e-16
4.44089e-16
4.44089e-16
4.44089e-16
4.44089e-16
4.44089e-16
4.44089e-16
4.44089e-16
4.44089e-16
4.44089e-16
4.44089e-16
4.44089e-16
4.44089e-16
4.44089e-16
4.44089e-16
4.44089e-16
4.44089e-16
4.44089e-16
4.44089e-16
4.44089e-16
4.44089e-16
4.44089e-16
4.44089e-16
4.44089e-16
4.44089e-16
4.44089e-16
4.44089e-16
4.44089e-16
4.44089e-16
4.44089e-16
4.44089e-16
4.44089e-16
4.44089e-16
4.44089e-16
4.44089e-16
4.44089e-16
4.44089e-16
4.44089e-16
4.44089e-16
4.44089e-16
4.44089e-16
4.44089e-16
4.44089e-16
4.44089e-16
4.44089e-16
4.44089e-16
4.44089e-16
4.44089e-16
4.44089e-16
4.44089e-16
4.44089e-16
4.44089e-16
4.44089e-16
4.44089e-16
4.44089e-16
4.44089e-16
4.44089e-16
4.44089e-16
4.44089e-16
4.44089e-16
4.44089e-16
4.44089e-16
4.44089e-16
4.44089e-16
4.44089e-16
4.44089e-16
4.44089e-16
4.44089e-16
4.44089e-16
4.44089e-16
4.44089e-16
4.44089e-16
4.44089e-16
4.44089e-16
4.44089e-16
4.44089e-16
4.44089e-16
4.44089e-16
4.44089e-16
4.44089e-16
4.44089e-16
4.44089e-16
4.44089e-16
4.44089e-16
4.44089e-16
4.44089e-16
4.44089e-16
4.44089e-16
4.44089e-16
4.44089e-16
4.44089e-16
4.44089e-16
4.44089e-16
4.44089e-16
4.44089e-16
4.44089e-16
4.44089e-16
4.44089e-16
4.44089e-16
4.44089e-16
4.44089e-16
4.44089e-16
4.44089e-16
4.44089e-16
4.44089e-16
4.44089e-16
4.44089e-16
4.44089e-16
4.44089e-16
4.44089e-16
4.44089e-16
4.44089e-16
4.44089e-16
4.44089e-16
4.44089e-16
4.44089e-16
4.44089e-16
4.44089e-16
4.44089e-16
4.44089e-16
4.44089e-16
4.44089e-16
4.44089e-16
4.44089e-16
4.44089e-16
4.44089e-16
4.44089e-16
4.44089e-16
4.44089e-16
4.44089e-16
4.44089e-16
4.44089e-16
4.44089e-16
4.44089e-16
4.44089e-16
4.44089e-16
4.44089e-16
4.44089e-16
4.44089e-16
4.44089e-16
4.44089e-16
4.44089e-16
4.44089e-16
4.44089e-16
4.44089e-16
4.44089e-16
4.44089e-16
4.44089e-16
4.44089e-16
4.44089e-16
4.44089e-16
4.44089e-16
4.44089e-16
4.44089e-16
4.44089e-16
4.44089e-16
4.44089e-16
4.44089e-16
4.44089e-16
4.44089e-16
4.44089e-16
4.44089e-16
4.44089e-16
4.44089e-16
4.44089e-16
4.44089e-16
4.44089e-16
4.44089e-16
4.44089e-16
4.44089e-16
4.44089e-16
4.44089e-16
4.44089e-16
4.44089e-16
4.44089e-16
4.44089e-16
4.44089e-16
4.44089e-16
4.44089e-16
4.44089e-16
4.44089e-16
4.44089e-16
4.44089e-16
4.44089e-16
4.44089e-16
4.44089e-16
4.44089e-16
4.44089e-16
4.44089e-16
4.44089e-16
4.44089e-16
4.44089e-16
4.44089e-16
4.44089e-16
4.44089e-16
4.44089e-16
4.44089e-16
4.44089e-16
4.44089e-16
4.44089e-16
4.44089e-16
4.44089e-16
4.44089e-16
4.44089e-16
4.44089e-16
4.44089e-16
4.44089e-16
4.44089e-16
4.44089e-16
4.44089e-16
4.44089e-16
4.44089e-16
4.44089e-16
4.44089e-16
4.44089e-16
4.44089e-16
4.44089e-16
4.44089e-16
4.44089e-16
4.44089e-16
4.44089e-16
4.44089e-16
4.44089e-16
4.44089e-16
4.44089e-16
4.44089e-16
4.44089e-16
4.44089e-16
4.44089e-16
4.44089e-16
4.44089e-16
4.44089e-16
4.44089e-16
4.44089e-16
4.44089e-16
4.44089e-16
4.44089e-16
4.44089e-16
4.44089e-16
4.44089e-16
4.44089e-16
4.44089e-16
4.44089e-16
4.44089e-16
4.44089e-16
4.44089e-16
4.44089e-16
4.44089e-16
4.44089e-16
4.44089e-16
4.44089e-16
4.44089e-16
4.44089e-16
4.44089e-16
4.44089e-16
4.44089e-16
4.44089e-16
4.44089e-16
4.44089e-16
4.44089e-16
4.44089e-16
4.44089e-16
4.44089e-16
4.44089e-16
4.44089e-16
4.44089e-16
4.44089e-16
4.44089e-16
4.44089e-16
4.44089e-16
4.44089e-16
4.44089e-16
4.44089e-16
4.44089e-16
4.44089e-16
4.44089e-16
4.44089e-16
4.44089e-16
4.44089e-16
4.44089e-16
4.44089e-16
4.44089e-16
4.44089e-16
4.44089e-16
4.44089e-16
4.44089e-16
4.44089e-16
4.44089e-16
4.44089e-16
4.44089e-16
4.44089e-16
4.44089e-16
4.44089e-16
4.44089e-16
4.44089e-16
4.44089e-16
4.44089e-16
4.44089e-16
4.44089e-16
4.44089e-16
4.44089e-16
4.44089e-16
4.44089e-16
4.44089e-16
4.44089e-16
4.44089e-16
4.44089e-16
4.44089e-16
4.44089e-16
4.44089e-16
4.44089e-16
4.44089e-16
4.44089e-16
4.44089e-16
4.44089e-16
4.44089e-16
4.44089e-16
4.44089e-16
4.44089e-16
4.44089e-16
4.44089e-16
4.44089e-16
4.44089e-16
4.44089e-16
4.44089e-16
4.44089e-16
4.44089e-16
4.44089e-16
4.44089e-16
4.44089e-16
4.44089e-16
4.44089e-16
4.44089e-16
4.44089e-16
4.44089e-16
4.44089e-16
4.44089e-16
4.44089e-16
4.44089e-16
4.44089e-16
4.44089e-16
4.44089e-16
4.44089e-16
4.44089e-16
4.44089e-16
4.44089e-16
4.44089e-16
4.44089e-16
4.44089e-16
4.44089e-16
4.44089e-16
4.44089e-16
4.44089e-16
4.44089e-16
4.44089e-16
4.44089e-16
4.44089e-16
4.44089e-16
4.44089e-16
4.44089e-16
4.44089e-16
4.44089e-16
4.44089e-16
4.44089e-16
4.44089e-16
4.44089e-16
4.44089e-16
4.44089e-16