32564.7
3.13488e+07
3.13038e+10
3.18249e+13
3.26185e+16
3.35502e+19
3.45609e+22
3.5625e+25
3.67319e+28
3.78776e+31
3.90609e+34
4.0282e+37
4.15416e+40
4.28408e+43
4.41807e+46
4.55626e+49
4.69877e+52
4.84573e+55
4.99729e+58
5.1536e+61
5.31479e+64
5.48102e+67
5.65246e+70
5.82925e+73
6.01157e+76
6.1996e+79
6.39351e+82
6.59348e+85
6.79971e+88
7.01239e+91
7.23172e+94
7.45791e+97
7.69118e+100
7.93174e+103
8.17982e+106
8.43567e+109
8.69952e+112
8.97162e+115
9.25223e+118
9.54161e+121
9.84005e+124
1.01478e+128
1.04652e+131
1.07926e+134
1.11301e+137
1.14782e+140
1.18372e+143
1.22075e+146
1.25893e+149
1.29831e+152